30.4110815,59.9438714:30.4108853,59.9440777,0.000284700070251804;30.4112326,59.9439081,0.00015549309337627783;
30.4398895,60.0039829:30.4396004,60.0049177,0.0009791986364325344;30.4389257,60.0040083,0.0010813803697419541;
30.4389257,60.0040083:30.4389249,60.0038124,0.00019686202971281583;
30.3084088,59.9297216:30.3083525,59.9297218,5.630035523579698e-05;30.3083901,59.9293484,0.0003736682084400942;
30.3083525,59.9297218:30.3082696,59.9297216,8.290024125661746e-05;30.3083895,59.9305633,0.0008423130488077827;
30.3083901,59.9293484:30.3083776,59.9290992,0.00024951330625737616;30.3096432,59.9295568,0.00127766755484649;
30.2513867,59.9091769:30.2509068,59.9091816,0.00047992301466160016;30.2513826,59.9090963,8.070421302206496e-05;
30.2516779,59.9090933:30.2519593,59.9090909,0.0002814102343541208;
30.2509068,59.9091816:30.2507334,59.9091833,0.0001734083331309248;
30.2513826,59.9090963:30.2513802,59.9090487,4.766046579914975e-05;30.2516779,59.9090933,0.00029531523834830717;
30.2507334,59.9091833:30.2482567,59.9092002,0.0024767576587168536;30.2507352,59.9092287,4.543566880529943e-05;
30.2482567,59.9092002:30.2482556,59.9091281,7.210839063931574e-05;30.2477282,59.9092056,0.0005285289611376483;
30.2507352,59.9092287:30.2513891,59.9092235,0.0006539206756170903;30.2507459,59.9095566,0.00032807453421776684;
30.2482556,59.9091281:30.2482548,59.9090713,5.680563351928768e-05;30.2507298,59.909103,0.002474327315092433;
30.2477282,59.9092056:30.2469181,59.9092127,0.0008101311128477801;30.2477257,59.9091345,7.114393860294413e-05;
30.2469181,59.9092127:30.2468526,59.9092127,6.549999999805323e-05;30.2469117,59.9091418,7.118827150315307e-05;
30.2477257,59.9091345:30.2482556,59.9091281,0.0005299386473924466;
30.2468526,59.9092127:30.2454082,59.9092304,0.001444508445804782;30.2468475,59.9091424,7.048475012094944e-05;
30.2469117,59.9091418:30.2477257,59.9091345,0.0008140327327589738;
30.2454082,59.9092304:30.2449951,59.9092354,0.0004131302579084605;
30.2468475,59.9091424:30.2468465,59.9090844,5.800862005188806e-05;30.2469117,59.9091418,6.42028036741695e-05;
30.2449951,59.9092354:30.2418614,59.9092902,0.0031344342046328104;
30.4685176,59.9562066:30.4687495,59.9561996,0.00023200562493475745;30.4768248,59.9583682,0.008583827027255561;
30.4687495,59.9561996:30.4700862,59.9564567,0.0013663949013271344;
30.4700862,59.9564567:30.4728913,59.9571759,0.0028958305630695054;
30.4728913,59.9571759:30.4737577,59.9574001,0.0008949383218962441;
30.4737577,59.9574001:30.4748725,59.9576906,0.0011520283373245507;30.4737279,59.9572843,0.00011957290663336008;
30.4748725,59.9576906:30.4750699,59.9576058,0.00021484366409043357;30.4768248,59.9583682,0.002083367591011063;
30.4737279,59.9572843:30.4739583,59.9573167,0.00023266697230142286;30.4735295,59.956856,0.0009204632775783295;
30.4750699,59.9576058:30.4754323,59.9572492,0.0005084263171813919;30.4776311,59.9582873,0.0026503184129444603;
30.4768248,59.9583682:30.4775838,59.9585656,0.0007842498072116016;
30.3554492,59.8915374:30.3553607,59.8915436,8.871690932446083e-05;30.355315,59.8910764,0.00048013606404244917;
30.3553607,59.8915436:30.3548885,59.8907225,0.0012067588482072916;30.3550998,59.8906515,0.0009294682579107617;
30.355315,59.8910764:30.3551886,59.8906425,0.0004519360242375449;30.3554127,59.8910686,9.801086674269197e-05;
30.3548885,59.8907225:30.3550998,59.8906515,0.00022299818054340875;
30.3550998,59.8906515:30.3551886,59.8906425,8.925491583119572e-05;30.3550638,59.8905254,0.0001311381332756381;
30.3551886,59.8906425:30.3551549,59.8905205,0.00012656891403341073;
30.3550638,59.8905254:30.3551549,59.8905205,9.123168309191453e-05;30.3548149,59.8896192,0.0009400076173607318;
30.2717379,59.9930126:30.2726575,59.991535,0.0017403924614875618;
30.2726575,59.991535:30.2752876,59.9908685,0.003011029717459836;
30.2752876,59.9908685:30.2759969,59.990881,0.0007094101352537635;30.2751424,59.9905204,0.00037759068821502964;
30.2759969,59.990881:30.2779094,59.9909125,0.0019127708589756814;30.2760203,59.9903865,0.0004959062049808627;
30.2779094,59.9909125:30.2778521,59.9902412,0.0006737410333358358;
30.2695726,60.0128684:30.2696466,60.0130099,0.0001596817146690738;30.2686204,60.0129966,0.0009607913821431207;
30.2696466,60.0130099:30.2698931,60.0134808,0.0005315158135021724;30.2697375,60.0129983,9.163716494967408e-05;
30.2686204,60.0129966:30.268501,60.0130126,0.00012046725696162213;30.2686964,60.0131449,0.00016664000119957442;
30.2698931,60.0134808:30.2699789,60.0136448,0.00018508819519218265;30.2696999,60.0135057,0.00019479797227043007;
30.2699789,60.0136448:30.2706624,60.0149506,0.0014738676636622608;
30.2696999,60.0135057:30.2689359,60.013604,0.0007702979228842954;30.2689339,60.0132488,0.0008218070965658386;
30.2706624,60.0149506:30.2709044,60.015413,0.0005218982276299643;30.2707794,60.0149344,0.00011811621395810132;
30.2709044,60.015413:30.2710181,60.0153997,0.00011447523749691428;30.2709573,60.015514,0.00011401495948609044;
30.2707794,60.0149344:30.2718372,60.0147863,0.0010681172454392496;30.2710181,60.0153997,0.000522954854650036;
30.2710181,60.0153997:30.271213,60.0153964,0.00019492793540216096;30.2710688,60.0155,0.00011238585320164142;
30.2709573,60.015514:30.2714661,60.0164861,0.001097203655990984;30.270319,60.0155945,0.0006433562252537925;
30.2714661,60.0164861:30.2719119,60.0173426,0.000965572312151683;
30.2719119,60.0173426:30.2721323,60.0177589,0.00047104336318224896;